/*--------------------------------*- C++ -*----------------------------------*\
| =========                 |                                                 |
| \\      /  F ield         | OpenFOAM: The Open Source CFD Toolbox           |
|  \\    /   O peration     | Version:  2512                                  |
|   \\  /    A nd           | Website:  www.openfoam.com                      |
|    \\/     M anipulation  |                                                 |
\*---------------------------------------------------------------------------*/
FoamFile
{
    version     2.0;
    format      binary;
    arch        "LSB;label=32;scalar=64";
    class       cellSet;
    location    "constant/polyMesh/sets";
    object      highAspectRatioCells;
}
// * * * * * * * * * * * * * * * * * * * * * * * * * * * * * * * * * * * * * //


1300
(
10240
10241
86032
86033
86034
86035
86036
86037
86038
86039
86040
86041
10268
10269
10270
10271
10272
10273
10274
10275
10276
10277
10278
10279
86070
86071
86072
86073
86074
86075
86076
86077
86078
86079
10307
10308
10309
10310
10311
10312
10313
10314
10315
10316
10317
86109
86110
86111
86112
86113
86114
86115
86116
86117
10345
10346
10347
10348
10349
10350
10351
10352
10353
10354
10355
86147
86148
86149
86150
86151
86152
86153
86154
86155
10384
10385
10386
10387
10388
10389
10390
10391
10392
10393
86186
86187
86188
86189
86190
86191
86192
86193
10422
10423
10424
10425
10426
10427
10428
10429
10430
10431
86224
86225
86226
86227
86228
86229
86230
86231
10461
10462
10463
10464
10465
10466
10467
10468
10469
86263
86264
86265
86266
86267
86268
86269
10499
10500
10501
10502
10503
10504
10505
10506
10507
86301
86302
86303
86304
86305
86306
86307
10538
10539
10540
10541
10542
10543
10544
10545
86340
86341
86342
86343
86344
86345
10576
10577
10578
10579
10580
10581
10582
10583
86378
86379
86380
86381
86382
86383
10615
10616
10617
10618
10619
10620
10621
86417
86418
86419
86420
86421
10653
10654
10655
10656
10657
10658
10659
86455
86456
86457
86458
86459
10692
10693
10694
10695
10696
10697
86494
86495
86496
86497
10730
10731
10732
10733
10734
10735
86532
86533
86534
86535
10769
10770
10771
10772
10773
86571
86572
86573
10807
10808
10809
10810
10811
86609
86610
86611
10846
10847
10848
10849
86648
86649
10884
10885
10886
10887
86686
86687
10923
10924
10925
86725
10961
10962
10963
86763
11000
11001
11038
11039
11077
11115
84877
84878
84879
84880
84881
84882
84883
84884
84885
84886
84887
84888
84889
84890
84891
84892
84893
84894
84895
84896
84897
84898
84899
84900
84901
84915
84916
84917
84918
84919
84920
84921
84922
84923
84924
84925
84926
84927
84928
84929
84930
84931
84932
84933
84934
84935
84936
84937
84938
84939
84954
84955
84956
84957
84958
84959
84960
84961
84962
84963
84964
84965
84966
84967
84968
84969
84970
84971
84972
84973
84974
84975
84976
84977
84992
84993
84994
84995
84996
84997
84998
84999
85000
85001
85002
85003
85004
9229
85005
9230
85006
9231
85007
9232
85008
9233
85009
9234
85010
9235
85011
9236
85012
9237
85013
9238
85014
9239
85015
9240
9241
9242
9243
9244
9245
9246
9247
9248
9249
9250
9251
9252
9253
85031
85032
85033
85034
85035
85036
85037
85038
85039
85040
85041
85042
9267
85043
9268
85044
9269
85045
9270
85046
9271
85047
9272
85048
9273
85049
9274
85050
9275
85051
9276
85052
9277
85053
9278
9279
9280
9281
9282
9283
9284
9285
9286
9287
9288
9289
9290
9291
85069
85070
85071
85072
85073
85074
85075
85076
85077
85078
85079
85080
85081
9306
85082
9307
85083
9308
85084
9309
85085
9310
85086
9311
85087
9312
85088
9313
85089
9314
85090
9315
85091
9316
9317
9318
9319
9320
9321
9322
9323
9324
9325
9326
9327
9328
9329
85108
85109
85110
85111
85112
85113
85114
85115
85116
85117
85118
85119
9344
85120
9345
85121
9346
85122
9347
85123
9348
85124
9349
85125
9350
85126
9351
85127
9352
85128
9353
85129
9354
9355
9356
9357
9358
9359
9360
9361
9362
9363
9364
9365
9366
9367
85146
85147
85148
85149
85150
85151
85152
85153
85154
85155
85156
85157
85158
85159
9383
85160
9384
85161
9385
85162
9386
85163
9387
85164
9388
85165
9389
85166
9390
85167
9391
9392
9393
9394
9395
9396
9397
9398
9399
9400
9401
9402
9403
9404
9405
85185
85186
85187
85188
85189
85190
85191
85192
85193
85194
85195
85196
85197
9421
85198
9422
85199
9423
85200
9424
85201
9425
85202
9426
85203
9427
85204
9428
85205
9429
9430
9431
9432
9433
9434
9435
9436
9437
9438
9439
9440
9441
9442
9443
85223
85224
85225
85226
85227
85228
85229
85230
85231
85232
85233
85234
85235
85236
9460
85237
9461
85238
9462
85239
9463
85240
9464
85241
9465
85242
9466
85243
9467
9468
9469
9470
9471
9472
9473
9474
9475
9476
9477
9478
9479
9480
9481
85262
85263
85264
85265
85266
85267
85268
85269
85270
85271
85272
85273
85274
9498
85275
9499
85276
9500
85277
9501
85278
9502
85279
9503
85280
9504
85281
9505
9506
9507
9508
9509
9510
9511
9512
9513
9514
9515
9516
9517
9518
9519
85300
85301
85302
85303
85304
85305
85306
85307
85308
85309
85310
85311
85312
85313
9537
85314
9538
85315
9539
85316
9540
85317
9541
85318
9542
85319
9543
9544
9545
9546
9547
9548
9549
9550
9551
9552
9553
9554
9555
9556
9557
85339
85340
85341
85342
85343
85344
85345
85346
85347
85348
85349
85350
85351
9575
85352
9576
85353
9577
85354
9578
85355
9579
85356
9580
85357
9581
9582
9583
9584
9585
9586
9587
9588
9589
9590
9591
9592
9593
9594
9595
85377
85378
85379
85380
85381
85382
85383
85384
85385
85386
85387
85388
85389
85390
9614
85391
9615
85392
9616
85393
9617
85394
9618
85395
9619
9620
9621
9622
9623
9624
9625
9626
9627
9628
9629
9630
9631
9632
9633
85416
85417
85418
85419
85420
85421
85422
85423
85424
85425
85426
85427
85428
9652
85429
9653
85430
9654
85431
9655
85432
9656
85433
9657
9658
9659
9660
9661
9662
9663
9664
9665
9666
9667
9668
9669
9670
9671
85454
85455
85456
85457
85458
85459
85460
85461
85462
85463
85464
85465
85466
85467
9691
85468
9692
85469
9693
85470
9694
85471
9695
9696
9697
9698
9699
9700
9701
9702
9703
9704
9705
9706
9707
9708
9709
85493
85494
85495
85496
85497
85498
85499
85500
85501
85502
85503
85504
85505
9729
85506
9730
85507
9731
85508
9732
85509
9733
9734
9735
9736
9737
9738
9739
9740
9741
9742
9743
9744
9745
9746
9747
85531
85532
85533
85534
85535
85536
85537
85538
85539
85540
85541
85542
85543
85544
9768
85545
9769
85546
9770
85547
9771
9772
9773
9774
9775
9776
9777
9778
9779
9780
9781
9782
9783
9784
9785
85570
85571
85572
85573
85574
85575
85576
85577
85578
85579
85580
85581
85582
9806
85583
9807
85584
9808
85585
9809
9810
9811
9812
9813
9814
9815
9816
9817
9818
9819
9820
9821
9822
9823
85608
85609
85610
85611
85612
85613
85614
85615
85616
85617
85618
85619
85620
85621
9845
85622
9846
85623
9847
9848
9849
9850
9851
9852
9853
9854
9855
9856
9857
9858
9859
9860
9861
85647
85648
85649
85650
85651
85652
85653
85654
85655
85656
85657
85658
85659
9883
85660
9884
85661
9885
9886
9887
9888
9889
9890
9891
9892
9893
9894
9895
9896
9897
9898
9899
85685
85686
85687
85688
85689
85690
85691
85692
85693
85694
85695
85696
85697
85698
9922
85699
9923
9924
9925
9926
9927
9928
9929
9930
9931
9932
9933
9934
9935
9936
9937
85724
85725
85726
85727
85728
85729
85730
85731
85732
85733
85734
85735
85736
9960
85737
9961
9962
9963
9964
9965
9966
9967
9968
9969
9970
9971
9972
9973
9974
9975
85762
85763
85764
85765
85766
85767
85768
85769
85770
85771
85772
85773
85774
85775
9999
10000
10001
10002
10003
10004
10005
10006
10007
10008
10009
10010
10011
10012
10013
85801
85802
85803
85804
85805
85806
85807
85808
85809
85810
85811
85812
85813
10037
10038
10039
10040
10041
10042
10043
10044
10045
10046
10047
10048
10049
10050
10051
85839
85840
85841
85842
85843
85844
85845
85846
85847
85848
85849
85850
85851
10076
10077
10078
10079
10080
10081
10082
10083
10084
10085
10086
10087
10088
10089
85878
85879
85880
85881
85882
85883
85884
85885
85886
85887
85888
85889
10114
10115
10116
10117
10118
10119
10120
10121
10122
10123
10124
10125
10126
10127
85916
85917
85918
85919
85920
85921
85922
85923
85924
85925
85926
85927
10153
10154
10155
10156
10157
10158
10159
10160
10161
10162
10163
10164
10165
85955
85956
85957
85958
85959
85960
85961
85962
85963
85964
85965
10191
10192
10193
10194
10195
10196
10197
10198
10199
10200
10201
10202
10203
85993
85994
85995
85996
85997
85998
85999
86000
86001
86002
86003
10230
10231
10232
10233
10234
10235
10236
10237
10238
10239
)


// ************************************************************************* //
