/*--------------------------------*- C++ -*----------------------------------*\
| =========                 |                                                 |
| \\      /  F ield         | OpenFOAM: The Open Source CFD Toolbox           |
|  \\    /   O peration     | Version:  2512                                  |
|   \\  /    A nd           | Website:  www.openfoam.com                      |
|    \\/     M anipulation  |                                                 |
\*---------------------------------------------------------------------------*/
FoamFile
{
    version     2.0;
    format      binary;
    arch        "LSB;label=32;scalar=64";
    class       faceSet;
    location    "constant/polyMesh/sets";
    object      nonOrthoFaces;
}
// * * * * * * * * * * * * * * * * * * * * * * * * * * * * * * * * * * * * * //


1166
(
4099
4
4102
7
4104
4105
9
10
4107
4108
12
13
4110
4111
15
16
4113
4114
18
19
4116
4117
21
22
4119
24
25
27
28
30
33
4176
4178
82
4179
4180
84
4181
85
4182
86
4183
87
4184
88
4185
89
4186
90
4187
91
4188
92
4189
93
94
95
96
97
98
99
101
4231
136
4234
139
4236
4237
141
142
4239
4240
144
145
4242
4243
147
148
4245
4246
150
151
4248
4249
153
154
4251
156
157
159
160
162
165
4308
4310
214
4311
4312
216
4313
217
4314
218
4315
219
4316
220
4317
221
4318
222
4319
223
4320
224
4321
225
226
227
228
229
230
231
233
268
4366
271
4369
273
274
4371
4372
276
277
4374
4375
279
280
4377
4378
282
283
4380
285
286
288
289
291
292
294
297
4442
346
4444
348
4445
349
4446
350
4447
351
4448
352
4449
353
4450
354
4451
355
356
357
358
359
360
361
362
363
365
400
4498
403
4501
405
406
4503
4504
408
409
4506
4507
411
412
4509
4510
414
415
4512
417
418
420
421
423
424
426
429
4574
478
4576
480
4577
481
4578
482
4579
483
4580
484
4581
485
4582
486
4583
487
488
489
490
491
492
493
494
495
497
532
535
4633
537
538
4636
540
541
4639
543
544
546
547
549
550
552
553
555
556
558
561
610
4708
612
613
4710
614
615
4712
616
617
618
619
620
621
622
623
624
625
626
627
629
664
667
669
670
672
673
675
676
678
679
681
682
684
685
687
688
690
693
742
744
745
746
747
748
749
750
751
752
753
754
755
756
757
758
759
761
796
799
801
802
804
805
807
808
810
811
813
814
816
817
819
820
822
825
874
876
877
878
879
880
881
882
883
884
885
886
887
888
889
890
891
893
928
931
933
934
936
937
939
940
942
943
945
946
948
949
951
952
954
957
1006
1008
1009
1010
1011
1012
1013
1014
1015
1016
1017
1018
1019
1020
1021
1022
1023
1025
1060
1063
1065
1066
1068
1069
1071
1072
1074
1075
1077
1078
1080
1081
1083
1084
1086
1089
1138
1140
1141
1142
1143
1144
1145
1146
1147
1148
1149
1150
1151
1152
1153
1154
1155
1157
1192
1195
1197
1198
1200
1201
1203
1204
1206
1207
1209
1210
1212
1213
1215
1216
1218
1221
1270
1272
1273
1274
1275
1276
1277
1278
1279
1280
1281
1282
1283
1284
1285
1286
1287
1289
1324
1327
1329
1330
1332
1333
1335
1336
1338
1339
1341
1342
1344
1345
1347
1348
1350
1353
1402
1404
1405
1406
1407
1408
1409
1410
1411
1412
1413
1414
1415
1416
1417
1418
1419
1421
1456
1459
1461
1462
1464
1465
1467
1468
1470
1471
1473
1474
1476
1477
1479
1480
1482
1485
1534
1536
1537
1538
1539
1540
1541
1542
1543
1544
1545
1546
1547
1548
1549
1550
1551
1553
1588
1591
1593
1594
1596
1597
1599
1600
1602
1603
1605
1606
1608
1609
1611
1612
1614
1617
1666
1668
1669
1670
1671
1672
1673
1674
1675
1676
1677
1678
1679
1680
1681
1682
1683
1685
1720
1723
1725
1726
1728
1729
1731
1732
1734
1735
1737
1738
1740
1741
1743
1744
1746
1749
1798
1800
1801
1802
1803
1804
1805
1806
1807
1808
1809
1810
1811
1812
1813
1814
1815
1817
1852
1855
1857
1858
1860
1861
1863
1864
1866
1867
1869
1870
1872
1873
1875
1876
1878
1881
1930
1932
1933
1934
1935
1936
1937
1938
1939
1940
1941
1942
1943
1944
1945
1946
1947
1949
1984
1987
1989
1990
1992
1993
1995
1996
1998
1999
2001
2002
2004
2005
2007
2008
2010
2013
2062
2064
2065
2066
2067
2068
2069
2070
2071
2072
2073
2074
2075
2076
2077
2078
2079
2081
2116
2119
2121
2122
2124
2125
2127
2128
2130
2131
2133
2134
2136
2137
2139
2140
2142
2145
2194
2196
2197
2198
2199
2200
2201
2202
2203
2204
2205
2206
2207
2208
2209
2210
2211
2213
2248
2251
2253
2254
2256
2257
2259
2260
2262
2263
2265
2266
2268
2269
2271
2272
2274
2277
2326
2328
2329
2330
2331
2332
2333
2334
2335
2336
2337
2338
2339
2340
2341
2342
2343
2345
2380
2383
2385
2386
2388
2389
2391
2392
2394
2395
2397
2398
2400
2401
2403
2404
2406
2409
2458
2460
2461
2462
2463
2464
2465
2466
2467
2468
2469
2470
2471
2472
2473
2474
2475
2477
2512
2515
2517
2518
2520
2521
2523
2524
2526
2527
2529
2530
2532
2533
2535
2536
2538
2541
2590
2592
2593
2594
2595
2596
2597
2598
2599
2600
2601
2602
2603
2604
2605
2606
2607
2609
2644
2647
2649
2650
2652
2653
2655
2656
2658
2659
2661
2662
2664
2665
2667
2668
2670
2673
2722
2724
2725
2726
2727
2728
2729
2730
2731
2732
2733
2734
2735
2736
2737
2738
2739
2741
2776
2779
2781
2782
2784
2785
2787
2788
2790
2791
2793
2794
2796
2797
2799
2800
2802
2805
2854
2856
2857
2858
2859
2860
2861
2862
2863
2864
2865
2866
2867
2868
2869
2870
2871
2873
2908
2911
2913
2914
2916
2917
2919
2920
2922
2923
2925
2926
2928
2929
2931
2932
2934
2986
2988
2989
2990
2991
2992
2993
2994
2995
2996
2997
2998
2999
3000
3001
3002
3003
3043
3045
3046
3048
3049
3051
3052
3054
3055
3057
3058
3060
3061
3063
3064
3066
3120
3121
3122
3123
3124
3125
3126
3127
3128
3129
3130
3131
3132
3133
3134
3135
3175
3177
3178
3180
3181
3183
3184
3186
3187
3189
3190
3192
3193
3195
3196
3198
3252
3253
3254
3255
3256
3257
3258
3259
3260
3261
3262
3263
3264
3265
3266
3267
3307
3309
3310
3312
3313
3315
3316
3318
3319
3321
3322
3324
3325
3327
3328
3330
3384
3385
3386
3387
3388
3389
3390
3391
3392
3393
3394
3395
3396
3397
3398
3399
3439
3441
3442
3444
3445
3447
3448
3450
3451
3453
3454
3456
3457
3459
3460
3462
3516
3517
3518
3519
3520
3521
3522
3523
3524
3525
3526
3527
3528
3529
3530
3531
3571
3573
3574
3576
3577
3579
3580
3582
3583
3585
3586
3588
3589
3591
3592
3594
3648
3649
3650
3651
3652
3653
3654
3655
3656
3657
3658
3659
3660
3661
3662
3663
3703
3705
3706
3708
3709
3711
3712
3714
3715
3717
3718
3720
3721
3723
3724
3726
3780
3781
3782
3783
3784
3785
3786
3787
3788
3789
3790
3791
3792
3793
3794
3795
3835
3838
3840
3841
3843
3844
3846
3847
3849
3850
3852
3853
3855
3858
3912
3914
3915
3916
3917
3918
3919
3920
3921
3922
3923
3924
3925
3927
3967
3970
3972
3973
3975
3976
3978
3979
3981
3982
3984
3985
3987
4044
4046
4047
4048
4049
4050
4051
4052
4053
4054
4055
4056
4057
)


// ************************************************************************* //
